home:
  "x": 0.945156
  "y": 6.5049032
throwing:
  "x": 4.025256
  "y": 2.201659