home:
  "x": 1.7680
  "y": 5.1594
throwing:
  "x": 7.16095
  "y": 3.62495